0 0.1 0 580.109581396654
1 0.1 0 1351.62080220203
0 1 0 580.109581396654
1 1 0 1351.62080220203
0 0.1 0.3 1000000
1 0.1 0.3 1000000
0 1 0.3 1000000
1 1 0.3 505.220346251831
1 0.944048022444026 0.3 515.682872945627
0.963083036477841 0.951080250324774 0.3 513.466093776022
0.906018550090766 1 0.3 505.220346251831
0.855971805275966 1 0.3 505.220346251831
0.807270583682707 1 0.3 505.220346251831
0.865458801327503 1 0.3 505.220346251831
0.905980879348323 1 0.3 505.220346251831
0.940321894018257 0.929774926956613 0.288846149248044 505.916300698676
0.994231532072806 0.958999220402986 0.279701123251087 534.722412479011
0.930112620627657 0.912008695520564 0.3 515.966777682955
0.938859664845147 0.922778867048014 0.295116706824242 511.607318148895
0.908325476446626 0.9528795568378 0.295493206561209 506.641195990613
0.908091769586932 1 0.288652594846901 519.617161685776
0.944220770633148 0.921391785968277 0.295748508775429 509.251115072191
1 0.927462354106481 0.280260984896659 521.422335558319
1 0.895870062831392 0.293730334585322 515.087404701536
1 0.876582261315153 0.280727273889517 510.03809401055
1 0.873147970459789 0.274369824192217 515.76862345399
1 0.9302214466647 0.271548946124676 548.397544578241
0.982920835282194 0.885302186551253 0.262549600585077 550.954362834375
1 1 0.3 505.220346251831